17
Sym_C.dubia_KT751122            0.0000000 0.0317567 0.0134975 5.0385617 7.3846918 7.0028982 7.2623247 8.2619687 8.2619687 6.5872897 7.2623247 7.1351503 6.5992818 5.7720937 6.8537857 1.0174824 7.1013692 
Sym_C.dubia_KT751123            0.0317567 0.0000000 0.0133174 4.4955833 6.5620773 6.1724477 6.4365103 7.1983108 7.1983108 5.8213324 6.4365103 6.3066720 5.8886925 5.1616366 6.0881346 1.0000364 6.3390429 
Sym_C.dubia_KT751126            0.0134975 0.0133174 0.0000000 4.6237853 6.8066888 6.4104031 6.6792981 7.5266013 7.5266013 6.0337460 6.6792981 6.5472606 6.0881346 5.3198869 6.3066720 0.9386643 6.5620773 
Sym_D.biannulata_KC597770       5.0385617 4.4955833 4.6237853 0.0000000 0.7602473 0.8199384 0.9415263 0.7121390 0.6506258 0.6944405 0.7012744 0.2399944 0.2786385 0.1032311 0.6355736 5.2110031 0.8148972 
Sym_E.africana_KC597710         7.3846918 6.5620773 6.8066888 0.7602473 0.0000000 0.4553383 0.5681407 0.2874965 0.2357119 0.1721232 0.0411717 0.6085597 0.5526653 0.8148972 0.1081152 6.9296216 0.0133174 
Sym_E.cf.latisterna_KC597754    7.0028982 6.1724477 6.4104031 0.8199384 0.4553383 0.0000000 0.0260100 0.3431567 0.4002638 0.2181737 0.3965055 0.7771650 0.8340676 1.0017932 0.4478798 7.0482937 0.5044977 
Sym_E.cf.latisterna_KC597755    7.2623247 6.4365103 6.6792981 0.9415263 0.5681407 0.0260100 0.0000000 0.4576682 0.5150088 0.3317423 0.5123300 0.8914875 0.9495056 1.1306734 0.5604346 7.2736417 0.6159744 
Sym_E.inermis_KC597725          8.2619687 7.1983108 7.5266013 0.7121390 0.2874965 0.3431567 0.4576682 0.0000000 0.0126155 0.2879185 0.1536633 0.5563215 0.6142933 0.7686826 0.2879185 7.6574682 0.3396849 
Sym_E.inermis_KC597758          8.2619687 7.1983108 7.5266013 0.6506258 0.2357119 0.4002638 0.5150088 0.0126155 0.0000000 0.3396849 0.1230328 0.4991440 0.5563215 0.7050570 0.2406860 7.6574682 0.2879185 
Sym_E.madagascarensis_KT751117  6.5872897 5.8213324 6.0337460 0.6944405 0.1721232 0.2181737 0.3317423 0.2879185 0.3396849 0.0000000 0.1363648 0.6575230 0.7143950 0.8722376 0.1477697 7.0762256 0.2253539 
Sym_E.theodori_KT751115         7.2623247 6.4365103 6.6792981 0.7012744 0.0411717 0.3965055 0.5123300 0.1536633 0.1230328 0.1363648 0.0000000 0.5526653 0.4967205 0.7542427 0.0845122 6.8066888 0.0638224 
Sym_L.ferrarii_KC597751         7.1351503 6.3066720 6.5472606 0.2399944 0.6085597 0.7771650 0.8914875 0.5563215 0.4991440 0.6575230 0.5526653 0.0000000 0.0934570 0.2795456 0.4890294 6.2685763 0.6575230 
Sym_L.ferrarii_KC597757         6.5992818 5.8886925 6.0881346 0.2786385 0.5526653 0.8340676 0.9495056 0.6142933 0.5563215 0.7143950 0.4967205 0.0934570 0.0000000 0.3202602 0.5448532 5.8213324 0.6010225 
Sym_Leptocyclopodia.sp_KC597727 5.7720937 5.1616366 5.3198869 0.1032311 0.8148972 1.0017932 1.1306734 0.7686826 0.7050570 0.8722376 0.7542427 0.2795456 0.3202602 0.0000000 0.5856287 4.4955833 0.7602473 
GoG_G2_55_Ra_ST                 6.8537857 6.0881346 6.3066720 0.6355736 0.1081152 0.4478798 0.5604346 0.2879185 0.2406860 0.1477697 0.0845122 0.4890294 0.5448532 0.5856287 0.0000000 6.1724477 0.0766336 
GoG_G2_61_Eh_ST                 1.0174824 1.0000364 0.9386643 5.2110031 6.9296216 7.0482937 7.2736417 7.6574682 7.6574682 7.0762256 6.8066888 6.2685763 5.8213324 4.4955833 6.1724477 0.0000000 6.5620773 
GoG_G10_10_Ra_GH                7.1013692 6.3390429 6.5620773 0.8148972 0.0133174 0.5044977 0.6159744 0.3396849 0.2879185 0.2253539 0.0638224 0.6575230 0.6010225 0.7602473 0.0766336 6.5620773 0.0000000 
