17
Sym_C.dubia_KT751122            0.0000000 0.0356115 0.0128724 5.8747708 8.0459745 7.4132696 7.6424811 8.5630760 8.7720936 7.0667550 7.8174153 7.7161528 7.3543034 6.5653875 7.3205801 1.0904116 7.6072416 
Sym_C.dubia_KT751123            0.0356115 0.0000000 0.0158630 5.2024806 7.1994569 6.5744980 6.8312181 7.5926495 7.7762773 6.2723981 6.9851428 6.8929968 6.6042853 5.8785554 6.5496804 1.0543123 6.8322954 
Sym_C.dubia_KT751126            0.0128724 0.0158630 0.0000000 5.4188114 7.5336198 6.8881799 7.1419506 7.9859192 8.1846680 6.5615131 7.3080548 7.2104283 6.8868271 6.1195263 6.8383016 0.9941674 7.1296446 
Sym_D.biannulata_KC597770       5.8747708 5.2024806 5.4188114 0.0000000 0.8182072 0.8765480 1.0134979 0.7747446 0.7089252 0.7435990 0.7546954 0.2538018 0.2987081 0.1076419 0.6857034 6.0593995 0.8775801 
Sym_E.africana_KC597710         8.0459745 7.1994569 7.5336198 0.8182072 0.0000000 0.4689799 0.5955967 0.2934784 0.2331879 0.1639220 0.0415286 0.6472464 0.5828857 0.8874944 0.1025318 7.4265002 0.0125717 
Sym_E.cf.latisterna_KC597754    7.4132696 6.5744980 6.8881799 0.8765480 0.4689799 0.0000000 0.0257307 0.3492575 0.4172991 0.2074850 0.4028683 0.8302457 0.8967210 1.0829685 0.4630990 7.3505963 0.5256863 
Sym_E.cf.latisterna_KC597755    7.6424811 6.8312181 7.1419506 1.0134979 0.5955967 0.0257307 0.0000000 0.4793141 0.5467814 0.3284011 0.5340394 0.9592343 1.0276753 1.2247645 0.5892778 7.5518005 0.6495491 
Sym_E.inermis_KC597725          8.5630760 7.5926495 7.9859192 0.7747446 0.2934784 0.3492575 0.4793141 0.0000000 0.0124710 0.2900518 0.1431537 0.5994571 0.6663229 0.8467594 0.2947580 7.5738582 0.3555685 
Sym_E.inermis_KC597758          8.7720936 7.7762773 8.1846680 0.7089252 0.2331879 0.4172991 0.5467814 0.0124710 0.0000000 0.3526307 0.1129130 0.5354372 0.6019802 0.7802264 0.2390557 7.7475630 0.2947580 
Sym_E.madagascarensis_KT751117  7.0667550 6.2723981 6.5615131 0.7435990 0.1639220 0.2074850 0.3284011 0.2900518 0.3526307 0.0000000 0.1303624 0.7028492 0.7685321 0.9479765 0.1375336 7.2159707 0.2183848 
Sym_E.theodori_KT751115         7.8174153 6.9851428 7.3080548 0.7546954 0.0415286 0.4028683 0.5340394 0.1431537 0.1129130 0.1303624 0.0000000 0.5849099 0.5189588 0.8236761 0.0808189 7.2155507 0.0613843 
Sym_L.ferrarii_KC597751         7.7161528 6.8929968 7.2104283 0.2538018 0.6472464 0.8302457 0.9592343 0.5994571 0.5354372 0.7028492 0.5849099 0.0000000 0.0864443 0.2962836 0.5181950 6.6483727 0.7028492 
Sym_L.ferrarii_KC597757         7.3543034 6.6042853 6.8868271 0.2987081 0.5828857 0.8967210 1.0276753 0.6663229 0.6019802 0.7685321 0.5189588 0.0864443 0.0000000 0.3474717 0.5827988 6.3655427 0.6392513 
Sym_Leptocyclopodia.sp_KC597727 6.5653875 5.8785554 6.1195263 0.1076419 0.8874944 1.0829685 1.2247645 0.8467594 0.7802264 0.9479765 0.8236761 0.2962836 0.3474717 0.0000000 0.6350002 5.0945601 0.8225673 
GoG_G2_55_Ra_ST                 7.3205801 6.5496804 6.8383016 0.6857034 0.1025318 0.4630990 0.5892778 0.2947580 0.2390557 0.1375336 0.0808189 0.5181950 0.5827988 0.6350002 0.0000000 6.6652891 0.0754634 
GoG_G2_61_Eh_ST                 1.0904116 1.0543123 0.9941674 6.0593995 7.4265002 7.3505963 7.5518005 7.5738582 7.7475630 7.2159707 7.2155507 6.6483727 6.3655427 5.0945601 6.6652891 0.0000000 7.1173873 
GoG_G10_10_Ra_GH                7.6072416 6.8322954 7.1296446 0.8775801 0.0125717 0.5256863 0.6495491 0.3555685 0.2947580 0.2183848 0.0613843 0.7028492 0.6392513 0.8225673 0.0754634 7.1173873 0.0000000 
