16
DQ133140_E.penthetoris 0.0000000 0.0183198 8.9999985 7.9205415 5.5144337 4.4031402 8.9999987 8.9999987 8.9999987 8.9999982 0.3270493 8.9999990 0.2130142 0.2223416 0.2226975 0.2080944 
DQ133148_E.inermis     0.0183198 0.0000000 8.9999985 7.5493227 5.2815451 4.6974680 8.9999986 8.9999980 8.9999986 8.9999990 0.3154227 8.9999989 0.2242787 0.2342317 0.2340729 0.2190446 
DQ133130_P.fraterna    8.9999985 8.9999985 0.0000000 1.1115547 0.8476983 2.3245575 8.9999988 8.9999987 8.9999982 7.7698146 8.9999987 7.4498123 8.9999983 8.9999986 8.9999981 8.9999981 
DQ133136_B.forcipata   7.9205415 7.5493227 1.1115547 0.0000000 0.0357233 1.5195433 8.9999989 8.9999990 8.9999987 8.9999988 8.9999989 8.9999982 6.7370820 7.3749763 7.1312753 8.1054888 
DQ133143_B.coronata    5.5144337 5.2815451 0.8476983 0.0357233 0.0000000 1.2177833 8.3721200 8.6757364 7.2916341 4.2462677 7.0166634 4.0591416 4.7725113 4.6532767 4.9737811 5.4292447 
DQ133129_B.corynorhini 4.4031402 4.6974680 2.3245575 1.5195433 1.2177833 0.0000000 8.6157183 8.8750801 8.6157183 3.3749836 5.2872471 3.2324049 4.1147072 3.9063240 4.2764716 4.1934645 
KF273687_C.horsfieldi  8.9999987 8.9999986 8.9999988 8.9999989 8.3721200 8.6157183 0.0000000 0.0063190 0.0124999 1.0015892 8.9999986 0.9582227 8.9999987 8.9999988 8.9999987 8.9999988 
KF273688_C.horsfieldi  8.9999987 8.9999980 8.9999987 8.9999990 8.6757364 8.8750801 0.0063190 0.0000000 0.0194089 1.0215807 8.9999987 0.9776096 8.9999987 8.9999988 8.9999989 8.9999989 
KF273689_C.horsfieldi  8.9999987 8.9999986 8.9999982 8.9999987 7.2916341 8.6157183 0.0124999 0.0194089 0.0000000 1.0015892 8.9999986 0.9582227 8.9999987 8.9999988 8.9999987 8.9999988 
GoG_G1_2_Eh_ST         8.9999982 8.9999990 7.7698146 8.9999988 4.2462677 3.3749836 1.0015892 1.0215807 1.0015892 0.0000000 7.3093240 0.0055217 8.3591827 8.9999985 7.7526916 8.6304045 
GoG_G3_15_Ra_PR        0.3270493 0.3154227 8.9999987 8.9999989 7.0166634 5.2872471 8.9999986 8.9999987 8.9999986 7.3093240 0.0000000 6.9968166 0.1926617 0.2132262 0.2014789 0.1702894 
GoG_G7_26_Eh_AN        8.9999990 8.9999989 7.4498123 8.9999982 4.0591416 3.2324049 0.9582227 0.9776096 0.9582227 0.0055217 6.9968166 0.0000000 7.9883093 8.9999983 7.3949408 8.2439540 
GoG_G10_8_Ra_GH        0.2130142 0.2242787 8.9999983 6.7370820 4.7725113 4.1147072 8.9999987 8.9999987 8.9999987 8.3591827 0.1926617 7.9883093 0.0000000 0.0065946 0.0056102 0.0115670 
GoG_G10_13_Ra_GH       0.2223416 0.2342317 8.9999986 7.3749763 4.6532767 3.9063240 8.9999988 8.9999988 8.9999988 8.9999985 0.2132262 8.9999983 0.0065946 0.0000000 0.0132814 0.0067280 
GoG_G10_14_Ra_GH       0.2226975 0.2340729 8.9999981 7.1312753 4.9737811 4.2764716 8.9999987 8.9999989 8.9999987 7.7526916 0.2014789 7.3949408 0.0056102 0.0132814 0.0000000 0.0174620 
GoG_G10_24_Ra_GH       0.2080944 0.2190446 8.9999981 8.1054888 5.4292447 4.1934645 8.9999988 8.9999989 8.9999988 8.6304045 0.1702894 8.2439540 0.0115670 0.0067280 0.0174620 0.0000000 
