17
OQ401037_Cyclopodia_sykesii       0.0000000 0.3482306 8.9999986 1.6999589 1.9529349 1.7069907 1.8364596 1.7069907 1.5634232 1.7222800 1.5030504 2.4786730 1.9439121 1.0371581 2.0847280 1.8633498 2.0388089 
GoG_G1_2_Eh_ST                    0.3482306 0.0000000 8.9999981 2.2975200 1.3683927 1.4128004 1.5445319 1.4128004 1.7429127 1.7760563 1.6451822 2.1473021 1.8659150 1.7115121 2.4963001 4.0013786 3.0646131 
DQ133038_Dipseliopoda_biannulata  8.9999986 8.9999981 0.0000000 0.0000010 4.3508088 2.9731394 2.6962466 2.9731394 8.9999986 8.9999985 8.9999986 8.9999988 8.9999985 8.9999984 8.9999984 8.9999983 8.9999985 
GoG_G10_47_Ra_GH                  1.6999589 2.2975200 0.0000010 0.0000000 1.2090375 0.8214892 0.7264007 0.8214892 2.8431910 2.5669023 2.8359874 2.3349259 2.5628909 1.7867801 2.8620293 2.3011052 2.2749468 
DQ133034_Eucampsipoda_penthetoris 1.9529349 1.3683927 4.3508088 1.2090375 0.0000000 0.0777595 0.0875448 0.0777595 2.6295784 1.9691377 3.2846153 3.3668739 3.6317461 2.2479398 3.6506429 2.9251884 1.8883563 
MH138030_Eucampsipoda_africana    1.7069907 1.4128004 2.9731394 0.8214892 0.0777595 0.0000000 0.0059578 0.0000010 2.5721034 2.5081921 2.8323790 2.8857556 3.0740678 1.7945664 3.3652653 2.6738332 2.0874804 
GoG_G3_13_Ra_PR                   1.8364596 1.5445319 2.6962466 0.7264007 0.0875448 0.0059578 0.0000000 0.0059578 2.7424012 2.3762473 3.0214680 2.7406103 2.9166773 1.9261310 3.6088204 2.5353826 2.2314000 
GoG_G10_13_Ra_GH                  1.7069907 1.4128004 2.9731394 0.8214892 0.0777595 0.0000010 0.0059578 0.0000000 2.5721034 2.5081921 2.8323790 2.8857556 3.0740678 1.7945664 3.3652653 2.6738332 2.0874804 
DQ133026_Phtiridium_fraterna      1.5634232 1.7429127 8.9999986 2.8431910 2.6295784 2.5721034 2.7424012 2.5721034 0.0000000 0.4655922 0.3442020 0.3347942 0.4153654 0.4894037 0.4872740 1.1430545 1.0467697 
AB632586_Phthiridium_hindlei      1.7222800 1.7760563 8.9999985 2.5669023 1.9691377 2.5081921 2.3762473 2.5081921 0.4655922 0.0000000 0.2586092 0.2486728 0.2181097 0.3655278 0.5489470 0.5668104 0.7166375 
AB632576_Nycteribia_allotopa      1.5030504 1.6451822 8.9999986 2.8359874 3.2846153 2.8323790 3.0214680 2.8323790 0.3442020 0.2586092 0.0000000 0.1733279 0.1488670 0.3126415 0.3865227 0.6448039 0.5654299 
AB632578_Nycteribia_pygmaea       2.4786730 2.1473021 8.9999988 2.3349259 3.3668739 2.8857556 2.7406103 2.8857556 0.3347942 0.2486728 0.1733279 0.0000000 0.1249452 0.5512312 0.5447589 0.9145803 0.9303776 
AB632580_Nycteribia_pleuralis     1.9439121 1.8659150 8.9999985 2.5628909 3.6317461 3.0740678 2.9166773 3.0740678 0.4153654 0.2181097 0.1488670 0.1249452 0.0000000 0.4740070 0.4726968 0.6165705 0.7561141 
AB632573_Basilia_truncata         1.0371581 1.7115121 8.9999984 1.7867801 2.2479398 1.7945664 1.9261310 1.7945664 0.4894037 0.3655278 0.3126415 0.5512312 0.4740070 0.0000000 0.2903078 0.8098604 0.6598385 
AB632575_Basilia_rybini           2.0847280 2.4963001 8.9999984 2.8620293 3.6506429 3.3652653 3.6088204 3.3652653 0.4872740 0.5489470 0.3865227 0.5447589 0.4726968 0.2903078 0.0000000 1.2188280 1.1224228 
AB632582_Penicillidia_jenynsii    1.8633498 4.0013786 8.9999983 2.3011052 2.9251884 2.6738332 2.5353826 2.6738332 1.1430545 0.5668104 0.6448039 0.9145803 0.6165705 0.8098604 1.2188280 0.0000000 0.4210422 
AB632584_Penicillidia_monoceros   2.0388089 3.0646131 8.9999985 2.2749468 1.8883563 2.0874804 2.2314000 2.0874804 1.0467697 0.7166375 0.5654299 0.9303776 0.7561141 0.6598385 1.1224228 0.4210422 0.0000000 
