17
OQ401037_Cyclopodia_sykesii       0.0000000 0.3390007 8.9999987 1.9036407 2.1376323 1.8273881 1.9777052 1.8273881 1.6808348 1.8583988 1.5902167 2.6982724 2.1086787 1.0963804 2.2167631 2.0620142 2.2680281 
GoG_G1_2_Eh_ST                    0.3390007 0.0000000 8.9999984 2.5746876 1.4908327 1.5091410 1.6678500 1.5091410 1.8964304 1.9331939 1.7528890 2.3418788 2.0312243 1.7988973 2.6704920 4.2493919 3.3566001 
DQ133038_Dipseliopoda_biannulata  8.9999987 8.9999984 0.0000000 0.0000010 4.9748049 3.3612616 3.0700155 3.3612616 8.9999987 8.9999986 8.9999987 8.9999989 8.9999985 8.9999986 8.9999985 8.9999986 8.9999986 
GoG_G10_47_Ra_GH                  1.9036407 2.5746876 0.0000010 0.0000000 1.3361579 0.9134560 0.8064585 0.9134560 3.0625776 2.8055933 3.0798540 2.5502548 2.7993870 1.9053961 3.0749114 2.5421988 2.5293875 
DQ133034_Eucampsipoda_penthetoris 2.1376323 1.4908327 4.9748049 1.3361579 0.0000000 0.0809625 0.0910365 0.0809625 2.8231612 2.1073167 3.5837226 3.6514732 3.9312088 2.4057870 3.9468695 3.1501935 2.0801779 
MH138030_Eucampsipoda_africana    1.8273881 1.5091410 3.3612616 0.9134560 0.0809625 0.0000000 0.0060045 0.0000010 2.7284627 2.6680944 3.0502055 3.0987853 3.3091988 1.8938462 3.6151462 2.8671853 2.2580552 
GoG_G3_13_Ra_PR                   1.9777052 1.6678500 3.0700155 0.8064585 0.0910365 0.0060045 0.0000000 0.0060045 2.9151125 2.5255829 3.2600682 2.9438997 3.1425440 2.0462726 3.8848409 2.7236793 2.4226538 
GoG_G10_13_Ra_GH                  1.8273881 1.5091410 3.3612616 0.9134560 0.0809625 0.0000010 0.0060045 0.0000000 2.7284627 2.6680944 3.0502055 3.0987853 3.3091988 1.8938462 3.6151462 2.8671853 2.2580552 
DQ133026_Phtiridium_fraterna      1.6808348 1.8964304 8.9999987 3.0625776 2.8231612 2.7284627 2.9151125 2.7284627 0.0000000 0.4408537 0.3331492 0.3179704 0.3940365 0.5107007 0.4867618 1.2295310 1.1110329 
AB632586_Phthiridium_hindlei      1.8583988 1.9331939 8.9999986 2.8055933 2.1073167 2.6680944 2.5255829 2.6680944 0.4408537 0.0000000 0.2534711 0.2439657 0.2154685 0.3852064 0.5550420 0.5938929 0.7599375 
AB632576_Nycteribia_allotopa      1.5902167 1.7528890 8.9999987 3.0798540 3.5837226 3.0502055 3.2600682 3.0502055 0.3331492 0.2534711 0.0000000 0.1699054 0.1455055 0.3176370 0.3518341 0.6393467 0.5819794 
AB632578_Nycteribia_pygmaea       2.6982724 2.3418788 8.9999989 2.5502548 3.6514732 3.0987853 2.9438997 3.0987853 0.3179704 0.2439657 0.1699054 0.0000000 0.1232599 0.5847031 0.5523346 1.0020085 1.0072990 
AB632580_Nycteribia_pleuralis     2.1086787 2.0312243 8.9999985 2.7993870 3.9312088 3.3091988 3.1425440 3.3091988 0.3940365 0.2154685 0.1455055 0.1232599 0.0000000 0.4976252 0.4729909 0.6679230 0.8220025 
AB632573_Basilia_truncata         1.0963804 1.7988973 8.9999986 1.9053961 2.4057870 1.8938462 2.0462726 1.8938462 0.5107007 0.3852064 0.3176370 0.5847031 0.4976252 0.0000000 0.2669278 0.8396948 0.6985185 
AB632575_Basilia_rybini           2.2167631 2.6704920 8.9999985 3.0749114 3.9468695 3.6151462 3.8848409 3.6151462 0.4867618 0.5550420 0.3518341 0.5523346 0.4729909 0.2669278 0.0000000 1.1793087 1.0808824 
AB632582_Penicillidia_jenynsii    2.0620142 4.2493919 8.9999986 2.5421988 3.1501935 2.8671853 2.7236793 2.8671853 1.2295310 0.5938929 0.6393467 1.0020085 0.6679230 0.8396948 1.1793087 0.0000000 0.4017623 
AB632584_Penicillidia_monoceros   2.2680281 3.3566001 8.9999986 2.5293875 2.0801779 2.2580552 2.4226538 2.2580552 1.1110329 0.7599375 0.5819794 1.0072990 0.8220025 0.6985185 1.0808824 0.4017623 0.0000000 
