17
OQ401037_Cyclopodia_sykesii       0.0000000 0.3504532 8.9999985 1.6529720 1.9076576 1.6800270 1.8053841 1.6800270 1.5417140 1.6944539 1.4903396 2.4323151 1.9082480 1.0534928 2.0494720 1.8244432 1.9891313 
GoG_G1_2_Eh_ST                    0.3504532 0.0000000 8.9999981 2.2357554 1.3455384 1.3999216 1.5259314 1.3999216 1.7151327 1.7471806 1.6274961 2.1061425 1.8331627 1.6985335 2.4539375 3.9777486 3.0158993 
DQ133038_Dipseliopoda_biannulata  8.9999985 8.9999981 0.0000000 0.0000010 4.2975618 2.9143001 2.6410187 2.9143001 8.9999986 8.9999985 8.9999986 8.9999988 8.9999984 8.9999984 8.9999984 8.9999983 8.9999985 
GoG_G10_47_Ra_GH                  1.6529720 2.2357554 0.0000010 0.0000000 1.1931733 0.8404419 0.7471861 0.8404419 2.7930167 2.5234623 2.7897557 2.2920788 2.5181340 1.7639621 2.8160696 2.2455298 2.2128747 
DQ133034_Eucampsipoda_penthetoris 1.9076576 1.3455384 4.2975618 1.1931733 0.0000000 0.0777205 0.0874684 0.0777205 2.5918893 1.9449320 3.2578007 3.3336717 3.6075621 2.2271285 3.6212116 2.8705056 1.8450472 
MH138030_Eucampsipoda_africana    1.6800270 1.3999216 2.9143001 0.8404419 0.0777205 0.0000000 0.0059584 0.0000010 2.5413885 2.4798349 2.8039805 2.8528988 3.0433169 1.7767861 3.3367011 2.6299285 2.0507414 
GoG_G3_13_Ra_PR                   1.8053841 1.5259314 2.6410187 0.7471861 0.0874684 0.0059584 0.0000000 0.0059584 2.7090487 2.3506677 2.9923516 2.7098457 2.8872103 1.9046525 3.5809896 2.4941357 2.1917776 
GoG_G10_13_Ra_GH                  1.6800270 1.3999216 2.9143001 0.8404419 0.0777205 0.0000010 0.0059584 0.0000000 2.5413885 2.4798349 2.8039805 2.8528988 3.0433169 1.7767861 3.3367011 2.6299285 2.0507414 
DQ133026_Phtiridium_fraterna      1.5417140 1.7151327 8.9999986 2.7930167 2.5918893 2.5413885 2.7090487 2.5413885 0.0000000 0.4681701 0.3452949 0.3358110 0.4165670 0.4963139 0.4910449 1.1430023 1.0545354 
AB632586_Phthiridium_hindlei      1.6944539 1.7471806 8.9999985 2.5234623 1.9449320 2.4798349 2.3506677 2.4798349 0.4681701 0.0000000 0.2589327 0.2488697 0.2184671 0.3688179 0.5521717 0.5780697 0.7336970 
AB632576_Nycteribia_allotopa      1.4903396 1.6274961 8.9999986 2.7897557 3.2578007 2.8039805 2.9923516 2.8039805 0.3452949 0.2589327 0.0000000 0.1734005 0.1488603 0.3142915 0.3853424 0.6531105 0.5763282 
AB632578_Nycteribia_pygmaea       2.4323151 2.1061425 8.9999988 2.2920788 3.3336717 2.8528988 2.7098457 2.8528988 0.3358110 0.2488697 0.1734005 0.0000000 0.1248358 0.5594933 0.5488014 0.9263025 0.9450277 
AB632580_Nycteribia_pleuralis     1.9082480 1.8331627 8.9999984 2.5181340 3.6075621 3.0433169 2.8872103 3.0433169 0.4165670 0.2184671 0.1488603 0.1248358 0.0000000 0.4790419 0.4746641 0.6307780 0.7725648 
AB632573_Basilia_truncata         1.0534928 1.6985335 8.9999984 1.7639621 2.2271285 1.7767861 1.9046525 1.7767861 0.4963139 0.3688179 0.3142915 0.5594933 0.4790419 0.0000000 0.2887118 0.8207280 0.6751178 
AB632575_Basilia_rybini           2.0494720 2.4539375 8.9999984 2.8160696 3.6212116 3.3367011 3.5809896 3.3367011 0.4910449 0.5521717 0.3853424 0.5488014 0.4746641 0.2887118 0.0000000 1.2150370 1.1264109 
AB632582_Penicillidia_jenynsii    1.8244432 3.9777486 8.9999983 2.2455298 2.8705056 2.6299285 2.4941357 2.6299285 1.1430023 0.5780697 0.6531105 0.9263025 0.6307780 0.8207280 1.2150370 0.0000000 0.4220501 
AB632584_Penicillidia_monoceros   1.9891313 3.0158993 8.9999985 2.2128747 1.8450472 2.0507414 2.1917776 2.0507414 1.0545354 0.7336970 0.5763282 0.9450277 0.7725648 0.6751178 1.1264109 0.4220501 0.0000000 
