17
Sym_C.dubia_KT751122            0.0000000 0.0354831 0.0130741 5.8191293 7.9869099 7.5052688 7.7469347 8.5252271 8.7577035 7.0176300 7.9442114 7.7640990 7.3624518 6.5224034 7.2869277 1.0849943 7.5769227 
Sym_C.dubia_KT751123            0.0354831 0.0000000 0.0153945 5.0680700 7.0468826 6.5567619 6.8330749 7.4739487 7.6748852 6.1350688 7.0030984 6.8443803 6.5167415 5.7539559 6.4296383 1.0493698 6.7127834 
Sym_C.dubia_KT751126            0.0130741 0.0153945 0.0000000 5.3073415 7.4154169 6.9127852 7.1854346 7.9013291 8.1220766 6.4525163 7.3715438 7.1997749 6.8340394 6.0206658 6.7479563 0.9923762 7.0419826 
Sym_D.biannulata_KC597770       5.8191293 5.0680700 5.3073415 0.0000000 0.8045627 0.8629408 0.9944281 0.7662728 0.7035611 0.7371742 0.7443677 0.2463884 0.2903090 0.1097716 0.6776268 5.9783761 0.8645855 
Sym_E.africana_KC597710         7.9869099 7.0468826 7.4154169 0.8045627 0.0000000 0.4583798 0.5808208 0.2870652 0.2331008 0.1685534 0.0414200 0.6432142 0.5845321 0.8807945 0.1065994 7.0567496 0.0127096 
Sym_E.cf.latisterna_KC597754    7.5052688 6.5567619 6.9127852 0.8629408 0.4583798 0.0000000 0.0259171 0.3504863 0.4127413 0.2167596 0.3980132 0.8190096 0.8799032 1.0707790 0.4562645 7.1366506 0.5145779 
Sym_E.cf.latisterna_KC597755    7.7469347 6.8330749 7.1854346 0.9944281 0.5808208 0.0259171 0.0000000 0.4751080 0.5381695 0.3344627 0.5230664 0.9429976 1.0054657 1.2086484 0.5780631 7.3601836 0.6352323 
Sym_E.inermis_KC597725          8.5252271 7.4739487 7.9013291 0.7662728 0.2870652 0.3504863 0.4751080 0.0000000 0.0127760 0.2925962 0.1471321 0.5998019 0.6622291 0.8460148 0.2909130 7.3313347 0.3470226 
Sym_E.inermis_KC597758          8.7577035 7.6748852 8.1220766 0.7035611 0.2331008 0.4127413 0.5381695 0.0127760 0.0000000 0.3503634 0.1177600 0.5405402 0.6025527 0.7820994 0.2397991 7.5143055 0.2909130 
Sym_E.madagascarensis_KT751117  7.0176300 6.1350688 6.4525163 0.7371742 0.1685534 0.2167596 0.3344627 0.2925962 0.3503634 0.0000000 0.1345364 0.6983163 0.7590155 0.9423825 0.1413853 7.0181049 0.2193639 
Sym_E.theodori_KT751115         7.9442114 7.0030984 7.3715438 0.7443677 0.0414200 0.3980132 0.5230664 0.1471321 0.1177600 0.1345364 0.0000000 0.5858687 0.5275984 0.8197907 0.0831057 7.0148727 0.0619538 
Sym_L.ferrarii_KC597751         7.7640990 6.8443803 7.1997749 0.2463884 0.6432142 0.8190096 0.9429976 0.5998019 0.5405402 0.6983163 0.5858687 0.0000000 0.0899346 0.2913756 0.5206983 6.5399750 0.6983163 
Sym_L.ferrarii_KC597757         7.3624518 6.5167415 6.8340394 0.2903090 0.5845321 0.8799032 1.0054657 0.6622291 0.6025527 0.7590155 0.5275984 0.0899346 0.0000000 0.3432320 0.5809309 6.2254738 0.6389367 
Sym_Leptocyclopodia.sp_KC597727 6.5224034 5.7539559 6.0206658 0.1097716 0.8807945 1.0707790 1.2086484 0.8460148 0.7820994 0.9423825 0.8197907 0.2913756 0.3432320 0.0000000 0.6359819 4.9527688 0.8185621 
GoG_G2_55_Ra_ST                 7.2869277 6.4296383 6.7479563 0.6776268 0.1065994 0.4562645 0.5780631 0.2909130 0.2397991 0.1413853 0.0831057 0.5206983 0.5809309 0.6359819 0.0000000 6.3348830 0.0784789 
GoG_G2_61_Eh_ST                 1.0849943 1.0493698 0.9923762 5.9783761 7.0567496 7.1366506 7.3601836 7.3313347 7.5143055 7.0181049 7.0148727 6.5399750 6.2254738 4.9527688 6.3348830 0.0000000 6.7339155 
GoG_G10_10_Ra_GH                7.5769227 6.7127834 7.0419826 0.8645855 0.0127096 0.5145779 0.6352323 0.3470226 0.2909130 0.2193639 0.0619538 0.6983163 0.6389367 0.8185621 0.0784789 6.7339155 0.0000000 
