16
DQ133140_E.penthetoris 0.0000000 0.0183055 6.5147854 5.7593174 4.0677638 3.3586138 8.9999985 8.9999986 8.9999985 7.5516869 0.3121657 7.2710707 0.2107948 0.2164896 0.2205478 0.2080139 
DQ133148_E.inermis     0.0183055 0.0000000 6.4530750 5.4946163 3.9099694 3.5625606 8.9999980 8.9999981 8.9999980 7.2710707 0.3009405 6.9941883 0.2218944 0.2281167 0.2317630 0.2189110 
DQ133130_P.fraterna    6.5147854 6.4530750 0.0000000 0.9257722 0.7145569 1.9101824 8.9999989 8.9999986 8.9999983 5.5270877 8.9999986 5.2975497 7.3186285 7.4309344 7.6167059 7.3111142 
DQ133136_B.forcipata   5.7593174 5.4946163 0.9257722 0.0000000 0.0342747 1.2578769 8.9999989 8.9999988 7.9900532 7.4177168 8.8290373 7.0765003 4.8640223 5.1965250 5.1034288 5.6532490 
DQ133143_B.coronata    4.0677638 3.9099694 0.7145569 0.0342747 0.0000000 1.0228412 6.0378279 6.1906251 5.2431621 3.1242869 4.9746665 2.9992538 3.5782260 3.4953512 3.7119743 4.0025099 
DQ133129_B.corynorhini 3.3586138 3.5625606 1.9101824 1.2578769 1.0228412 0.0000000 6.5370288 6.6889416 6.5370288 2.5938421 3.9720220 2.4947398 3.1947930 3.0329436 3.3096365 3.2475736 
KF273687_C.horsfieldi  8.9999985 8.9999980 8.9999989 8.9999989 6.0378279 6.5370288 0.0000000 0.0063935 0.0123443 0.8333803 8.9999985 0.7983067 8.9999989 8.9999989 8.9999986 8.9999984 
KF273688_C.horsfieldi  8.9999986 8.9999981 8.9999986 8.9999988 6.1906251 6.6889416 0.0063935 0.0000000 0.0195865 0.8481903 8.9999987 0.8128225 8.9999990 8.9999988 8.9999986 8.9999984 
KF273689_C.horsfieldi  8.9999985 8.9999980 8.9999983 7.9900532 5.2431621 6.5370288 0.0123443 0.0195865 0.0000000 0.8333803 8.9999985 0.7983067 8.9999989 8.9999989 8.9999986 8.9999984 
GoG_G1_2_Eh_ST         7.5516869 7.2710707 5.5270877 7.4177168 3.1242869 2.5938421 0.8333803 0.8481903 0.8333803 0.0000000 5.0088731 0.0054170 5.5123970 7.6860513 5.1740183 5.6100975 
GoG_G3_15_Ra_PR        0.3121657 0.3009405 8.9999986 8.8290373 4.9746665 3.9720220 8.9999985 8.9999987 8.9999985 5.0088731 0.0000000 4.8200793 0.1815947 0.1980741 0.1902985 0.1616180 
GoG_G7_26_Eh_AN        7.2710707 6.9941883 5.2975497 7.0765003 2.9992538 2.4947398 0.7983067 0.8128225 0.7983067 0.0054170 4.8200793 0.0000000 5.3024644 7.3652648 4.9800890 5.3946147 
GoG_G10_8_Ra_GH        0.2107948 0.2218944 7.3186285 4.8640223 3.5782260 3.1947930 8.9999989 8.9999990 8.9999989 5.5123970 0.1815947 5.3024644 0.0000000 0.0064614 0.0055743 0.0113919 
GoG_G10_13_Ra_GH       0.2164896 0.2281167 7.4309344 5.1965250 3.4953512 3.0329436 8.9999989 8.9999988 8.9999989 7.6860513 0.1980741 7.3652648 0.0064614 0.0000000 0.0130240 0.0065375 
GoG_G10_14_Ra_GH       0.2205478 0.2317630 7.6167059 5.1034288 3.7119743 3.3096365 8.9999986 8.9999986 8.9999986 5.1740183 0.1902985 4.9800890 0.0055743 0.0130240 0.0000000 0.0172065 
GoG_G10_24_Ra_GH       0.2080139 0.2189110 7.3111142 5.6532490 4.0025099 3.2475736 8.9999984 8.9999984 8.9999984 5.6100975 0.1616180 5.3946147 0.0113919 0.0065375 0.0172065 0.0000000 
